39003
39012
39021
39030
39103
39112
39121
39130
39203
39212
39221
39230
39303
39312
39321
39330
39403
39412
39421
39430
39503
39512
39521
39530
39603
39612
39621
39630
39703
39712
39721
39730
39803
39812
39821
39830
39903
39912
39921
39930
48003
48012
48021
48030
48103
48112
48121
48130
48203
48212
48221
48230
48303
48312
48321
48330
48403
48412
48421
48430
48503
48512
48521
48530
48603
48612
48621
48630
48703
48712
48721
48730
48803
48812
48821
48830
48903
48912
48921
48930
57003
57012
57021
57030
57103
57112
57121
57130
57203
57212
57221
57230
57303
57312
57321
57330
57403
57412
57421
57430
57503
57512
57521
57530
57603
57612
57621
57630
57703
57712
57721
57730
57803
57812
57821
57830
57903
57912
57921
57930
66003
66012
66021
66030
66103
66112
66121
66130
66203
66212
66221
66230
66303
66312
66321
66330
66403
66412
66421
66430
66503
66512
66521
66530
66603
66612
66621
66630
66703
66712
66721
66730
66803
66812
66821
66830
66903
66912
66921
66930
75003
75012
75021
75030
75103
75112
75121
75130
75203
75212
75221
75230
75303
75312
75321
75330
75403
75412
75421
75430
75503
75512
75521
75530
75603
75612
75621
75630
75703
75712
75721
75730
75803
75812
75821
75830
75903
75912
75921
75930
84003
84012
84021
84030
84103
84112
84121
84130
84203
84212
84221
84230
84303
84312
84321
84330
84403
84412
84421
84430
84503
84512
84521
84530
84603
84612
84621
84630
84703
84712
84721
84730
84803
84812
84821
84830
84903
84912
84921
84930
93003
93012
93021
93030
93103
93112
93121
93130
93203
93212
93221
93230
93303
93312
93321
93330
93403
93412
93421
93430
93503
93512
93521
93530
93603
93612
93621
93630
93703
93712
93721
93730
93803
93812
93821
93830
93903
93912
93921
93930
